NODE	23	24	25	26	27	28	29	30	31	32	33	34	35	36	37	38	39	40	41	
N1	1.82075e-06	3.1531e-05	0.000171473	0.000577543	0.00148986	0.00323426	0.00620995	0.0108595	0.0176184	0.0268461	0.0387428	0.0532641	0.0700476	0.0883702	0.107152	0.125022	0.14044	0.151881	0.158039	
N2	4.39123e-05	0.000361662	0.00125959	0.00308	0.00618353	0.0109072	0.0175004	0.0260508	0.0364189	0.0482049	0.0607656	0.0732868	0.0849008	0.0948201	0.102453	0.107468	0.109792	0.109547	0.106955	
ADCAHA_Calathus_auctus	0	0	0	0	0	0	0	0	0	0	0	0	1	0	0	0	0	0	0	
N3	3.49106e-05	0.000321927	0.00128769	0.00359036	0.00803028	0.0153321	0.0258508	0.0392948	0.0545921	0.0700017	0.083488	0.0932517	0.0982283	0.0983576	0.0945288	0.0882443	0.0811598	0.0746804	0.0697244	
N4	3.64203e-05	0.000335552	0.00133934	0.00372213	0.00829195	0.015766	0.0264765	0.0401002	0.0555303	0.0709944	0.0844304	0.0940219	0.0986987	0.098413	0.0940883	0.0872845	0.0797325	0.0729172	0.0678207	
ADCAHA_Calathus_freyi	0	0	0	0	0	0	0	0	0	0	0	0	0	0	0	1	0	0	0	
N5	0.000819413	0.00751076	0.0287778	0.0717961	0.130719	0.181259	0.195534	0.166428	0.11308	0.062002	0.0277214	0.0102087	0.0031264	0.000803643	0.000175048	3.26937e-05	5.34916e-06	8.12305e-07	1.50368e-07	
ADCAHA_Calathus_ambiguus	0	0	0	0	0	0	1	0	0	0	0	0	0	0	0	0	0	0	0	
N6	0.000313945	0.00474189	0.0287731	0.0980489	0.203067	0.264219	0.221003	0.121416	0.0447828	0.0113386	0.00201445	0.000256508	2.38856e-05	1.65817e-06	8.74948e-08	3.58767e-09	1.1812e-10	3.3533e-12	1.17007e-13	
N7	0.00289643	0.0245095	0.0821281	0.16807	0.232493	0.224635	0.153931	0.0756661	0.0269892	0.00707316	0.00138036	0.000203402	2.29491e-05	2.00985e-06	1.38445e-07	7.59829e-09	3.37772e-10	1.29698e-11	7.48025e-13	
ADCAHA_Calathus_fuscipes	0	0	0	0	0	1	0	0	0	0	0	0	0	0	0	0	0	0	0	
ADCAHA_Calathus_melanocephalus	0	0	1	0	0	0	0	0	0	0	0	0	0	0	0	0	0	0	0	
N8	0.000184252	0.00360282	0.0265791	0.101533	0.219868	0.281647	0.219484	0.106541	0.0329472	0.0066374	0.000890538	8.13192e-05	5.16112e-06	2.32334e-07	7.56665e-09	1.82004e-10	3.32352e-12	4.95785e-14	9.72992e-16	
N9	0.000120276	0.0027461	0.0232607	0.098034	0.22428	0.2917	0.222672	0.10237	0.0290021	0.0051738	0.000593383	4.4645e-05	2.24725e-06	7.714e-08	1.83994e-09	3.10899e-11	3.81621e-13	3.61725e-15	3.94073e-17	
N10	0.000399768	0.00693898	0.0444834	0.145447	0.264624	0.278861	0.17465	0.0663966	0.0156336	0.00232714	0.000223702	1.41933e-05	6.07629e-07	1.79398e-08	3.73143e-10	5.58179e-12	6.13265e-14	5.14654e-16	5.12143e-18	
N11	0.00895564	0.0689481	0.190306	0.28395	0.251308	0.136842	0.047228	0.0106558	0.00162134	0.000171358	1.29269e-05	7.13409e-07	2.94481e-08	9.27415e-10	2.26842e-11	4.37931e-13	6.78176e-15	8.76476e-17	1.51342e-18	
ADCAHA_Calathus_micropterus	0	1	0	0	0	0	0	0	0	0	0	0	0	0	0	0	0	0	0	
ADCAHA_Calathus_mollis	0	0	0	0	1	0	0	0	0	0	0	0	0	0	0	0	0	0	0	
N12	0.00343975	0.0330545	0.11757	0.229303	0.271766	0.204275	0.0998582	0.0324025	0.00712195	0.00108305	0.000116467	9.051e-06	5.19072e-07	2.2406e-08	7.41395e-10	1.91264e-11	3.91535e-13	6.6666e-15	1.54648e-16	
ADCAHA_Calathus_rotundatus	0	0	1	0	0	0	0	0	0	0	0	0	0	0	0	0	0	0	0	
ADCAHA_Calathus_granatensis	0	1	0	0	0	0	0	0	0	0	0	0	0	0	0	0	0	0	0	
N13	1.2939e-05	0.000235008	0.00201732	0.0111227	0.041501	0.106226	0.188187	0.233163	0.204507	0.128616	0.058732	0.0197053	0.00491091	0.000918407	0.00013016	1.41202e-05	1.18563e-06	7.90166e-08	5.76923e-09	
ADCAHA_Calathus_asturiensis	0	0	0	0	0	0	0	0	0	0	0	0	0	0	0	0	0	1	0	
N14	0.000254627	0.00725855	0.0782392	0.304036	0.392091	0.178317	0.0358212	0.00374556	0.000227452	8.65277e-06	2.17866e-07	3.78532e-09	4.69006e-11	4.25674e-13	2.89552e-15	1.50803e-17	6.17583e-20	2.10706e-22	7.96219e-25	
ADCAHA_Calathus_erratus	0	0	0	0	1	0	0	0	0	0	0	0	0	0	0	0	0	0	0	
N15	0.000149249	0.0119335	0.262679	0.587914	0.129395	0.00775003	0.00017723	1.87753e-06	1.04906e-08	3.39416e-11	6.82139e-14	8.99319e-17	8.12383e-20	5.20993e-23	2.44303e-26	8.58713e-30	2.31111e-33	4.85812e-37	9.56546e-41	
ADCAHA_Calathus_brevis	0	0	0	1	0	0	0	0	0	0	0	0	0	0	0	0	0	0	0	
ADCAHA_Calathus_abaxoides	0	0	1	0	0	0	0	0	0	0	0	0	0	0	0	0	0	0	0	
ADCAHA_Calathus_rectus	0	0	0	1	0	0	0	0	0	0	0	0	0	0	0	0	0	0	0	
ADCAHA_Calathus_ascendens	0	0	0	1	0	0	0	0	0	0	0	0	0	0	0	0	0	0	0	
ADCAHA_Calathus_circumseptus	0	0	0	0	0	0	0	0	0	0	0	0	0	1	0	0	0	0	0	
