NODE	30	31	32	33	34	35	36	37	38	39	40	41	42	43	44	45	46	47	48	49	50	51	52	
N1	3.07063e-07	5.71018e-06	3.3244e-05	0.000119546	0.000328533	0.000758563	0.00154772	0.00287559	0.0049599	0.00804649	0.0123917	0.0182371	0.0257767	0.0351202	0.0462539	0.0590048	0.0730136	0.0877213	0.102376	0.116063	0.127766	0.136446	0.141154	
N2	0.000275717	0.00228042	0.00786104	0.01865	0.035412	0.057304	0.0814936	0.103562	0.118755	0.123635	0.117337	0.101808	0.0809311	0.0590434	0.0395893	0.0244298	0.0138944	0.00729944	0.00355798	0.00162751	0.000720849	0.000335782	0.000196532	
ADCAHA_Calathus_micropterus	0	0	0	0	0	1	0	0	0	0	0	0	0	0	0	0	0	0	0	0	0	0	0	
N3	2.5446e-06	3.88048e-05	0.000295554	0.00160991	0.006719	0.0218349	0.0553674	0.109318	0.167616	0.199285	0.183813	0.131886	0.0739756	0.0326648	0.011454	0.00322187	0.000735245	0.000137838	2.15354e-05	2.85399e-06	3.29134e-07	3.52504e-08	5.13597e-09	
ADCAHA_Calathus_abaxoides	0	0	0	0	0	0	0	1	0	0	0	0	0	0	0	0	0	0	0	0	0	0	0	
N4	8.75532e-30	4.1644e-26	1.23935e-22	2.632e-19	4.03429e-16	4.36985e-13	3.21671e-10	1.51759e-07	4.19374e-05	0.00581823	0.289465	0.495302	0.206394	0.00296375	1.5321e-05	3.99927e-08	6.16178e-11	6.14394e-14	4.21588e-17	2.08262e-20	7.70803e-24	2.27428e-27	6.64341e-31	
ADCAHA_Calathus_granatensis	0	0	0	0	0	0	0	0	0	0	1	0	0	0	0	0	0	0	0	0	0	0	0	
ADCAHA_Calathus_asturiensis	0	0	0	0	0	0	0	0	0	0	0	0	1	0	0	0	0	0	0	0	0	0	0	
N5	9.70711e-06	8.63036e-05	0.000333138	0.000915913	0.00207689	0.00412949	0.00742631	0.0122982	0.0189697	0.0274658	0.0375361	0.0486224	0.0598941	0.0703557	0.0790119	0.0850523	0.0880118	0.0878603	0.0849993	0.080163	0.0742488	0.0681182	0.0624146	
N6	5.73334e-06	5.11747e-05	0.000199437	0.000557882	0.0012977	0.0026661	0.00498158	0.0086022	0.0138612	0.0209751	0.0299422	0.040464	0.0519224	0.0634363	0.0739979	0.0826586	0.0887135	0.0918312	0.0920899	0.0899134	0.0859317	0.0808093	0.0750916	
N7	1.39267e-11	3.04715e-10	3.79595e-09	3.71564e-08	3.04519e-07	2.132e-06	1.28453e-05	6.67295e-05	0.000298619	0.00114836	0.00378224	0.0106295	0.0253941	0.0513902	0.0878393	0.126563	0.153641	0.157418	0.136924	0.102539	0.0682893	0.0435004	0.0305614	
ADCAHA_Calathus_rotundatus	0	0	0	0	0	0	0	0	0	0	0	0	0	0	0	0	0	1	0	0	0	0	0	
N8	7.01656e-19	5.93791e-17	3.50069e-15	1.69042e-13	6.76016e-12	2.22352e-10	5.94918e-09	1.27792e-07	2.17086e-06	2.86654e-05	0.000288484	0.00216366	0.0117933	0.0454544	0.120487	0.214374	0.252403	0.197167	0.104233	0.0384869	0.0103512	0.00221321	0.000552657	
ADCAHA_Calathus_mollis	0	0	0	0	0	0	0	0	0	0	0	0	0	0	0	0	1	0	0	0	0	0	0	
ADCAHA_Calathus_brevis	0	0	0	0	0	0	0	0	0	0	0	0	0	0	0	1	0	0	0	0	0	0	0	
N9	1.03853e-09	1.93468e-08	1.88463e-07	1.38476e-06	8.38494e-06	4.31313e-05	0.000190662	0.000727258	0.00239557	0.00680906	0.0166758	0.0351296	0.063557	0.0986355	0.13123	0.149737	0.146805	0.124219	0.0915378	0.0598347	0.0360333	0.0216048	0.0148252	
N10	4.54897e-12	1.35123e-10	2.30709e-09	3.03653e-08	3.25282e-07	2.87369e-06	2.09917e-05	0.000126677	0.000630115	0.00257644	0.00863511	0.0236596	0.0528752	0.0962221	0.142472	0.171729	0.168948	0.136522	0.091828	0.0528312	0.0274733	0.0143799	0.00906754	
ADCAHA_Calathus_ambiguus	0	0	0	0	0	0	0	0	0	0	0	0	0	1	0	0	0	0	0	0	0	0	0	
N11	4.67589e-13	1.64116e-11	3.47822e-10	5.73783e-09	7.66915e-08	8.36813e-07	7.45129e-06	5.40032e-05	0.000317531	0.00150973	0.00578651	0.0178297	0.0440661	0.0872191	0.138151	0.175213	0.178375	0.146637	0.0985894	0.0556885	0.0279727	0.0140241	0.00855755	
ADCAHA_Calathus_fuscipes	0	0	0	0	0	0	0	0	0	0	0	0	1	0	0	0	0	0	0	0	0	0	0	
N12	1.48315e-13	4.7748e-12	9.73391e-11	1.61042e-09	2.21754e-08	2.5402e-07	2.41024e-06	1.88511e-05	0.000120948	0.00063366	0.00269949	0.0093167	0.0259689	0.0583225	0.105386	0.153157	0.179214	0.169396	0.13028	0.0828476	0.0452628	0.023356	0.0140179	
ADCAHA_Calathus_erratus	0	0	0	0	0	0	0	0	0	0	0	0	0	0	1	0	0	0	0	0	0	0	0	
ADCAHA_Calathus_melanocephalus	0	0	0	0	0	0	0	0	0	0	0	0	0	0	0	0	0	0	0	0	0	1	0	
ADCAHA_Calathus_rectus	0	0	0	0	0	0	0	0	0	0	0	0	0	1	0	0	0	0	0	0	0	0	0	
N13	0.0006696	0.00597207	0.0221433	0.0542367	0.0997981	0.145366	0.172147	0.168379	0.137465	0.0943994	0.0548679	0.027138	0.0114782	0.00417075	0.00130772	0.000355337	8.40207e-05	1.73579e-05	3.14543e-06	5.02126e-07	7.12294e-08	9.40564e-09	1.63945e-09	
N14	0.000320638	0.00324929	0.0142831	0.0417025	0.0895903	0.146962	0.187578	0.188594	0.150752	0.0965358	0.0498491	0.0208814	0.00713551	0.00199985	0.000462147	8.85264e-05	1.41316e-05	1.89034e-06	2.13253e-07	2.04933e-08	1.72118e-09	1.38843e-10	1.6627e-11	
N15	0.00486864	0.0378957	0.111898	0.19799	0.237034	0.201471	0.124829	0.0574548	0.0199571	0.00530593	0.00109381	0.000176943	2.27119e-05	2.33707e-06	1.94643e-07	1.3238e-08	7.41388e-10	3.44608e-11	1.33966e-12	4.39279e-14	1.23301e-15	3.13567e-17	1.14655e-18	
ADCAHA_Calathus_circumseptus	0	0	1	0	0	0	0	0	0	0	0	0	0	0	0	0	0	0	0	0	0	0	0	
ADCAHA_Calathus_freyi	0	0	1	0	0	0	0	0	0	0	0	0	0	0	0	0	0	0	0	0	0	0	0	
ADCAHA_Calathus_ascendens	0	0	0	0	0	0	0	0	0	0	0	0	1	0	0	0	0	0	0	0	0	0	0	
ADCAHA_Calathus_auctus	0	1	0	0	0	0	0	0	0	0	0	0	0	0	0	0	0	0	0	0	0	0	0	
