NODE	13	14	15	16	17	18	19	20	21	22	23	24	25	26	27	28	
N1	1.82826e-07	3.47912e-07	1.08181e-06	4.37081e-06	1.9316e-05	8.42627e-05	0.000342572	0.00125692	0.00408709	0.0116571	0.0289948	0.0626863	0.117529	0.190571	0.265991	0.316775	
N2	4.21611e-06	9.31429e-06	2.78136e-05	8.79367e-05	0.000275766	0.000828841	0.0023312	0.00603256	0.0141927	0.0301037	0.0572148	0.0969606	0.145827	0.193583	0.225206	0.227315	
N3	0.000665432	0.000993217	0.00187141	0.00366913	0.00704992	0.0129853	0.0226304	0.0369603	0.0561749	0.0790944	0.102954	0.123936	0.138352	0.143892	0.140209	0.128562	
N4	0.00479667	0.00550708	0.00774478	0.0119752	0.0189392	0.0293998	0.0437193	0.0613524	0.08051	0.098309	0.111542	0.117816	0.116495	0.108905	0.0976394	0.0853493	
N5	0.0163143	0.0205305	0.0331105	0.0571656	0.0929612	0.132726	0.160681	0.162265	0.135756	0.0939256	0.0538042	0.0256078	0.0101999	0.00346718	0.00107996	0.000405887	
N6	0.011677	0.0203651	0.0451047	0.0931021	0.157139	0.204564	0.200023	0.145404	0.0785264	0.0316923	0.00966167	0.00225831	0.00041301	6.1047e-05	7.90846e-06	1.31354e-06	
POCOCO_Rhyzobius_sp	0	0	1	0	0	0	0	0	0	0	0	0	0	0	0	0	
POCOOR_Rodolia_cardinalis	0	0	0	0	0	0	0	1	0	0	0	0	0	0	0	0	
POCOCO_Azya_sp	0	0	0	0	0	0	1	0	0	0	0	0	0	0	0	0	
POCOSC_Hyperaspis_lateralis	0	0	0	0	0	0	0	0	0	1	0	0	0	0	0	0	
POCOSC_Scymnus_nubilus	0	0	0	0	0	1	0	0	0	0	0	0	0	0	0	0	
N7	6.32491e-05	0.000102423	0.000224214	0.000536678	0.00129674	0.00304348	0.00677385	0.0140714	0.0269981	0.0475205	0.0763932	0.111819	0.148649	0.178967	0.194365	0.189176	
POCOCO_Epilachna_sp	0	0	0	0	0	0	0	0	0	0	0	1	0	0	0	0	
N8	0.000660223	0.000988548	0.00199604	0.00434311	0.00917242	0.0180218	0.032362	0.0526844	0.0774545	0.102678	0.122812	0.132973	0.131317	0.120001	0.104011	0.0885254	
POCOCO_Sumnius_sp	0	0	0	1	0	0	0	0	0	0	0	0	0	0	0	0	
N9	5.33216e-06	1.351e-05	5.31129e-05	0.000221194	0.000855914	0.00292479	0.00861087	0.0215496	0.0455095	0.0808485	0.120878	0.152806	0.165097	0.155778	0.133642	0.111207	
N10	1.15092e-05	2.98157e-05	0.0001186	0.000486597	0.00181106	0.00583971	0.015969	0.0366158	0.0699876	0.111285	0.147402	0.163553	0.15393	0.126099	0.094798	0.0720648	
POCOMI_Microweisea_sp	0	0	0	0	0	1	0	0	0	0	0	0	0	0	0	0	
N11	7.47912e-09	6.30793e-08	8.23702e-07	9.77255e-06	9.43e-05	0.000709978	0.0040661	0.0173507	0.0541586	0.121792	0.195425	0.223494	0.184186	0.113032	0.056397	0.0292824	
POCOSC_Cryptognatha_sp	0	0	0	0	0	0	0	0	0	0	0	0	1	0	0	0	
POCOST_Prodilis_sp	0	0	0	0	0	0	0	0	0	1	0	0	0	0	0	0	
N12	6.94229e-09	3.14241e-08	2.43766e-07	1.92126e-06	1.34692e-05	8.08044e-05	0.000408614	0.00172826	0.00608513	0.0177863	0.0431173	0.0867982	0.145666	0.205169	0.24462	0.248525	
POCOOR_Cryptolaemus_montrouzieri	0	0	0	0	0	0	0	0	0	0	0	0	0	0	1	0	
POCOCO_Chnoodes_sp	0	0	0	0	0	0	0	0	0	0	0	0	0	0	1	0	
N13	2.67386e-06	5.49477e-06	1.6968e-05	5.89296e-05	0.000204418	0.000669747	0.00201398	0.00547499	0.0133448	0.0290226	0.0561308	0.0962584	0.14589	0.194575	0.226958	0.229373	
N14	0.0001077	0.00016396	0.000358125	0.000897136	0.00226484	0.00540862	0.0118593	0.0235488	0.0420936	0.0676058	0.0976277	0.127123	0.150024	0.161692	0.160677	0.148549	
N15	4.44677e-06	2.32614e-05	0.000175504	0.0011814	0.00628613	0.0251048	0.0729756	0.151344	0.22135	0.227518	0.165065	0.0854501	0.0320805	0.0089578	0.00199147	0.000491341	
POCOCH_Chilocorus_bipustulatus	0	0	0	0	0	0	0	0	1	0	0	0	0	0	0	0	
N16	5.94449e-07	4.9125e-06	6.37972e-05	0.000674916	0.00508418	0.0260156	0.0876908	0.190517	0.26371	0.232197	0.131162	0.0484288	0.0120198	0.0020955	0.00028639	4.84644e-05	
POCOCH_Chilocorus_renipustulatus	0	0	0	0	0	0	1	0	0	0	0	0	0	0	0	0	
POCOCH_Chilocorus_stigma	0	0	0	0	0	0	0	0	0	1	0	0	0	0	0	0	
N17	5.58833e-06	1.22075e-05	4.16887e-05	0.000157388	0.000567632	0.00184394	0.00526659	0.0130972	0.0282686	0.0529824	0.0865183	0.123839	0.156754	0.177489	0.182084	0.171072	
N18	4.46697e-08	1.83206e-07	1.29651e-06	9.32466e-06	5.89684e-05	0.000314532	0.00139268	0.00507643	0.0151574	0.0369887	0.0738575	0.121397	0.166381	0.19432	0.199366	0.185679	
POCOCH_Exochomus_quadripustulatus	0	0	0	0	0	0	0	0	0	0	0	0	1	0	0	0	
POCOCH_Orcus_sp	0	0	0	0	0	0	0	0	0	0	0	0	1	0	0	0	
POCOCH_Curinus_coeruleus	0	0	0	0	0	0	0	0	0	0	1	0	0	0	0	0	
N19	4.82572e-05	7.93224e-05	0.000190969	0.000524963	0.00144641	0.00375325	0.00889696	0.0189749	0.0361449	0.0613314	0.0927559	0.125452	0.152643	0.168483	0.17032	0.158954	
N20	0.000149597	0.000250784	0.00060383	0.00158798	0.0040274	0.009387	0.0197059	0.0368977	0.0613174	0.0902824	0.117947	0.137459	0.144441	0.139253	0.126202	0.110488	
N21	1.09679e-14	1.21813e-10	6.3249e-07	0.00156534	0.996058	0.00237424	1.41363e-06	3.79415e-10	4.35259e-14	2.11139e-18	3.60566e-23	7.4468e-32	7.16801e-32	6.73621e-32	6.16916e-32	5.49259e-32	
POCOCO_Hippodamia_quinquesignata	0	0	0	0	1	0	0	0	0	0	0	0	0	0	0	0	
POCOCO_Hippodamia_convergens	0	0	0	0	1	0	0	0	0	0	0	0	0	0	0	0	
N22	0.000169514	0.000249619	0.000538464	0.00138135	0.00363623	0.00902687	0.0201979	0.0397881	0.0682236	0.101407	0.130797	0.147223	0.146274	0.130967	0.109575	0.0905449	
N23	0.000176844	0.000262702	0.000569177	0.00145554	0.00380655	0.00938256	0.0208508	0.0408102	0.0695466	0.102759	0.131762	0.147429	0.145572	0.129483	0.107623	0.0885107	
POCOCO_Coelophora_sp	0	0	0	0	0	0	0	0	0	0	1	0	0	0	0	0	
N24	0.000576147	0.000945817	0.00208026	0.00484143	0.010848	0.0223957	0.0415875	0.0685104	0.099375	0.126502	0.141326	0.139018	0.121368	0.0957193	0.0710242	0.0538825	
N25	0.00870159	0.012044	0.0203251	0.0345986	0.0554683	0.081491	0.10808	0.128166	0.135047	0.125992	0.10398	0.0761273	0.049956	0.0301982	0.0179401	0.0118838	
POCOCO_Calvia_quatuordecimguttata	0	0	0	0	0	1	0	0	0	0	0	0	0	0	0	0	
POCOCO_Coleomegilla_maculata	0	0	1	0	0	0	0	0	0	0	0	0	0	0	0	0	
POCOCO_Anatis_sp	0	0	0	0	0	0	0	0	0	0	1	0	0	0	0	0	
N26	9.80812e-05	0.000170067	0.000443028	0.00129603	0.00365692	0.00932237	0.0209042	0.0407976	0.0690614	0.101441	0.129734	0.145463	0.144734	0.130482	0.110353	0.0920438	
POCOCO_Illeis_sp	0	0	0	0	0	0	0	0	0	0	0	0	1	0	0	0	
POCOCO_Psyllobora_sp	0	0	0	0	0	0	0	0	1	0	0	0	0	0	0	0	
N27	0.000610812	0.000828311	0.0015001	0.00303652	0.0062006	0.0121381	0.0222017	0.0374494	0.0578899	0.0818503	0.105983	0.126159	0.138901	0.142537	0.137433	0.125281	
POCOCO_Coccinella_septempunctata	0	0	0	0	0	0	0	1	0	0	0	0	0	0	0	0	
N28	1.44049e-05	3.82763e-05	0.000158465	0.00067383	0.0025684	0.00835482	0.0226742	0.0507374	0.09305	0.139535	0.17116	0.172219	0.142962	0.0991763	0.0599307	0.0367469	
N29	1.70071e-05	5.2895e-05	0.000272267	0.00138553	0.00588359	0.0198206	0.0520279	0.105582	0.165117	0.19901	0.185381	0.134199	0.0762444	0.0348266	0.0138717	0.00630828	
POCOCO_Olla_sp	0	0	0	0	0	0	0	1	0	0	0	0	0	0	0	0	
POCOCO_Cycloneda_sanguinea	0	0	0	0	0	0	0	1	0	0	0	0	0	0	0	0	
POCOCO_Micraspis_sp	0	0	0	0	0	0	0	0	0	0	0	0	0	1	0	0	
